0.5342796792793283
-0.05633416827478596
0.3575358254378723
-0.06334850266768899
-0.09435102600702801
-0.601153100051268
-0.16645167578477452
0.5646082592655985
0.07841824555777273
-0.05680514279954035
0.16074584250487547
0.08340367210537997
-0.1344459452464226
0.03826328291465601
0.23749065375391537
0.056072858305315526
0.3836606616874324
0.0795667473199019
0.12193058886088273
-0.06758549644094021
-0.016063933743857825
0.40640914298480335
-0.03951709432824474
-0.11756403489205675
0.0160260416812748
-0.1744681798094275
0.07313254822269853
-0.2379329056708057
0.04451802279644389
0.2810464379005023
0.49553773253783034
1.3730736651359938
-0.1503316537283762
0.6073025655781885
0.024467303868183323
0.5428823963023502
0.282084539862162
0.29824784217963807
0.01925627772517314
0.4675912931379717
0.31698961436526485
0.28620247161704393
0.0026254667172267423
0.0505771469434716
0.017883440537635735
0.06634479768349687
-0.552643120133788
0.010002739435991146
0.7697628468180842
0.4193864328716591
0.2797714309992946
-0.04166013642668746
0.14482511219181154
0.061745455273435404
0.30674060892733024
-0.1869145533522127
0.06007641148258418
-0.09472840437071547
-0.08750388583735345
0.11595219016779776
0.2730396472426533
-0.05135190989390832
0.41175707153822594
0.04800579678824216
0.33570741732608655
0.4106918747626723
0.5684359651803418
0.11343012546904166
0.009531308489186862
-0.045043133178031644
-0.11854354189024577
0.3291019857232422
-0.10727157658705581
0.17910822665628515
-0.2847009339623383
-0.2364139100757721
-0.11934208122509378
0.024124775396630688
-0.020516534114297474
-0.024484707375181766
0.05313212758370845
0.09896191706842913
-0.31704195147884445
0.37838538036110886
-0.05909669802709727
-0.025308422198109207
0.4991218267881057
0.325253812974827
0.6339230886349818
0.24656585524308922
-0.32909357103435366
1.0072949268894311
0.21744014646163054
0.23241312779166376
0.35852695661021233
-0.06757690918633825
0.044081906555967186
-0.050583368510543576
0.07517535184579882
0.13767826357426322
0.9251453048033207
0.2800511888286825
0.05682812559373678
0.09519419078832576
0.28619675975835257
-0.2397966244127441
-0.1361050932604362
0.00699521755034061
-0.09855023540529739
-0.014658829076316307
0.02312242596495405
